181 181 179 180 181 181 181 181 181 181 181 181 181 181 180 167
181 174 162 165 181 182 182 182 182 182 182 182 182 181 167 157
180 163 158 158 180 182 182 182 182 182 182 182 180 167 157 157
181 175 158 167 181 182 182 182 182 182 182 182 167 158 158 157
181 182 180 181 182 182 182 182 182 182 180 167 157 158 158 157
181 180 163 175 182 182 182 182 182 181 167 158 158 158 158 157
181 180 163 175 182 182 182 182 180 167 157 158 158 158 158 157
181 182 181 181 182 182 182 181 168 158 158 158 158 158 158 157
181 182 182 182 182 182 180 168 157 158 158 158 158 158 158 157
181 182 182 182 182 181 167 158 158 158 158 158 158 158 158 157
181 182 182 182 180 167 157 158 158 158 158 158 158 158 158 157
181 182 182 182 167 158 158 158 158 158 158 158 158 158 158 157
181 182 180 167 157 158 158 158 158 158 158 158 158 158 158 157
181 181 167 158 158 158 158 158 158 158 158 158 158 158 158 157
180 167 157 158 158 158 158 158 158 158 158 158 158 158 158 157
167 157 157 157 157 157 157 157 157 157 157 157 157 157 157 157
187 187 183 186 187 187 187 187 187 187 187 187 187 187 185 157
187 172 140 149 187 188 188 188 188 188 188 188 188 187 157 129
186 144 129 129 185 188 188 188 188 188 188 188 185 157 129 128
187 172 129 152 187 188 188 188 188 188 188 188 157 130 129 128
187 188 185 187 188 188 188 188 188 188 185 157 129 129 129 128
187 184 143 171 188 188 188 188 188 187 157 130 129 129 129 128
187 185 142 172 188 188 188 188 185 157 129 129 129 129 129 128
187 188 186 187 188 188 188 187 157 130 129 129 129 129 129 128
187 188 188 188 188 188 185 157 129 129 129 129 129 129 129 128
187 188 188 188 188 187 157 130 129 129 129 129 129 129 129 128
187 188 188 188 185 157 129 129 129 129 129 129 129 129 129 128
187 188 188 188 157 130 129 129 129 129 129 129 129 129 129 128
187 188 185 157 129 129 129 129 129 129 129 129 129 129 129 128
187 187 157 130 129 129 129 129 129 129 129 129 129 129 129 128
185 157 129 129 129 129 129 129 129 129 129 129 129 129 129 128
157 129 128 128 128 128 128 128 128 128 128 128 128 128 128 128
182 182 176 180 182 182 182 182 182 182 182 182 182 182 178 127
182 154  93 111 182 183 183 183 183 183 183 183 183 182 127  74
181 100  72  72 178 183 183 183 183 183 183 183 178 127  72  71
182 155  73 117 182 183 183 183 183 183 183 183 126  75  72  71
182 183 179 181 183 183 183 183 183 183 178 126  72  72  72  71
182 176  99 152 183 183 183 183 183 182 127  75  72  72  72  71
182 177  97 155 183 183 183 183 179 127  72  72  72  72  72  71
182 183 179 181 183 183 183 182 127  75  72  72  72  72  72  71
182 183 183 183 183 183 179 127  72  72  72  72  72  72  72  71
182 183 183 183 183 182 127  75  72  72  72  72  72  72  72  71
182 183 183 183 178 127  72  72  72  72  72  72  72  72  72  71
182 183 183 183 126  75  72  72  72  72  72  72  72  72  72  71
182 183 178 126  72  72  72  72  72  72  72  72  72  72  72  71
182 182 127  75  72  72  72  72  72  72  72  72  72  72  72  71
178 127  72  72  72  72  72  72  72  72  72  72  72  72  72  71
127  74  71  71  71  71  71  71  71  71  71  71  71  71  71  71

168 158 157 157 157 157 157 157 157 157 157 157 157 157 157 157
180 168 157 158 158 158 158 158 158 158 158 158 158 158 158 157
181 181 168 158 158 158 158 158 158 158 158 158 158 158 158 157
181 182 181 167 157 158 158 158 158 158 158 158 158 158 158 157
181 182 182 182 167 158 158 158 158 158 158 158 158 158 158 157
181 182 182 182 181 168 157 158 158 158 158 158 158 158 158 157
181 182 182 182 182 181 168 158 158 158 158 158 158 158 158 157
181 182 182 182 182 182 181 168 157 158 158 158 158 158 158 157
181 182 182 182 182 182 182 181 168 158 158 158 158 158 158 157
181 182 182 182 182 182 182 182 181 168 157 158 158 158 158 157
181 182 182 182 182 182 182 182 182 181 168 158 158 158 158 157
181 181 181 182 182 182 182 182 182 182 181 167 157 158 158 157
181 166 158 168 182 175 176 182 182 182 182 182 167 158 158 157
180 162 158 158 181 163 163 181 182 182 182 182 181 168 157 157
181 175 164 175 182 180 181 182 182 182 182 182 182 181 168 158
181 181 181 181 181 181 181 181 181 181 181 181 181 181 180 168
157 130 128 128 128 128 128 128 128 128 128 128 128 128 128 128
185 158 129 129 129 129 129 129 129 129 129 129 129 129 129 128
187 187 157 131 129 129 129 129 129 129 129 129 129 129 129 128
187 188 186 157 129 129 129 129 129 129 129 129 129 129 129 128
187 188 188 188 157 131 129 129 129 129 129 129 129 129 129 128
187 188 188 188 186 157 129 129 129 129 129 129 129 129 129 128
187 188 188 188 188 187 158 131 129 129 129 129 129 129 129 128
187 188 188 188 188 188 186 158 129 129 129 129 129 129 129 128
187 188 188 188 188 188 188 187 158 131 129 129 129 129 129 128
187 188 188 188 188 188 188 188 186 158 129 129 129 129 129 128
187 188 188 188 188 188 188 188 188 187 157 131 129 129 129 128
187 187 186 187 188 188 188 188 188 188 186 157 129 129 129 128
186 149 129 153 187 171 172 187 188 188 188 188 157 131 129 128
184 140 129 130 186 144 143 186 188 188 188 188 186 157 129 128
187 172 144 173 188 185 185 188 188 188 188 188 188 187 158 130
187 187 187 187 187 187 187 187 187 187 187 187 187 187 185 157
127  75  71  71  71  71  71  71  71  71  71  71  71  71  71  71
178 127  72  72  72  72  72  72  72  72  72  72  72  72  72  71
182 182 127  75  72  72  72  72  72  72  72  72  72  72  72  71
182 183 179 127  72  72  72  72  72  72  72  72  72  72  72  71
182 183 183 183 127  75  72  72  72  72  72  72  72  72  72  71
182 183 183 183 179 127  72  72  72  72  72  72  72  72  72  71
182 183 183 183 183 182 127  75  72  72  72  72  72  72  72  71
182 183 183 183 183 183 179 127  72  72  72  72  72  72  72  71
182 183 183 183 183 183 183 182 127  75  72  72  72  72  72  71
182 183 183 183 183 183 183 183 179 127  72  72  72  72  72  71
182 183 183 183 183 183 183 183 183 182 127  75  72  72  72  71
182 182 179 182 183 183 183 183 183 183 179 127  72  72  72  71
180 111  72 117 182 153 155 182 183 183 183 183 127  75  72  71
176  94  72  74 180  99  98 180 183 183 183 183 179 127  72  71
182 155 101 156 183 177 178 183 183 183 183 183 183 182 127  75
182 182 181 182 182 182 182 182 182 182 182 182 182 182 178 127

157 157 157 157 157 157 157 157 157 157 157 157 157 157 158 168
157 158 158 158 158 158 158 158 158 158 158 158 158 157 168 180
157 158 158 158 158 158 158 158 158 158 158 158 158 168 181 181
157 158 158 158 158 158 158 158 158 158 158 157 167 181 182 181
157 158 158 158 158 158 158 158 158 158 158 167 182 182 182 181
157 158 158 158 158 158 158 158 158 157 168 181 182 182 182 181
157 158 158 158 158 158 158 158 158 168 181 182 182 182 182 181
157 158 158 158 158 158 158 157 168 181 182 182 182 182 182 181
157 158 158 158 158 158 158 168 181 182 182 182 182 181 182 181
157 158 158 158 158 157 168 181 182 182 182 182 176 163 181 181
157 158 158 158 158 168 181 182 182 182 182 182 175 163 180 181
157 158 158 157 167 181 182 182 182 182 182 182 182 181 182 181
157 158 158 167 182 182 182 182 182 182 182 182 168 158 175 181
157 157 168 181 182 182 182 182 182 182 182 181 158 158 164 181
158 168 181 182 182 182 182 182 182 182 182 181 166 162 175 181
168 180 181 181 181 181 181 181 181 181 181 181 181 180 181 181
128 128 128 128 128 128 128 128 128 128 128 128 128 128 130 157
128 129 129 129 129 129 129 129 129 129 129 129 129 129 158 185
128 129 129 129 129 129 129 129 129 129 129 129 131 157 187 187
128 129 129 129 129 129 129 129 129 129 129 129 157 186 188 187
128 129 129 129 129 129 129 129 129 129 131 157 188 188 188 187
128 129 129 129 129 129 129 129 129 129 157 186 188 188 188 187
128 129 129 129 129 129 129 129 131 158 187 188 188 188 188 187
128 129 129 129 129 129 129 129 158 186 188 188 188 188 188 187
128 129 129 129 129 129 131 158 187 188 188 188 187 186 188 187
128 129 129 129 129 129 158 186 188 188 188 188 172 143 185 187
128 129 129 129 131 157 187 188 188 188 188 188 171 144 185 187
128 129 129 129 157 186 188 188 188 188 188 188 187 186 188 187
128 129 131 157 188 188 188 188 188 188 188 187 153 130 173 187
128 129 157 186 188 188 188 188 188 188 188 186 129 129 144 187
130 158 187 188 188 188 188 188 188 188 188 187 149 140 172 187
157 185 187 187 187 187 187 187 187 187 187 187 186 184 187 187
 71  71  71  71  71  71  71  71  71  71  71  71  71  71  75 127
 71  72  72  72  72  72  72  72  72  72  72  72  72  72 127 178
 71  72  72  72  72  72  72  72  72  72  72  72  75 127 182 182
 71  72  72  72  72  72  72  72  72  72  72  72 127 179 183 182
 71  72  72  72  72  72  72  72  72  72  75 127 183 183 183 182
 71  72  72  72  72  72  72  72  72  72 127 179 183 183 183 182
 71  72  72  72  72  72  72  72  75 127 182 183 183 183 183 182
 71  72  72  72  72  72  72  72 127 179 183 183 183 183 183 182
 71  72  72  72  72  72  75 127 182 183 183 183 182 180 183 182
 71  72  72  72  72  72 127 179 183 183 183 183 155  98 178 182
 71  72  72  72  75 127 182 183 183 183 183 183 153  99 177 182
 71  72  72  72 127 179 183 183 183 183 183 183 182 180 183 182
 71  72  75 127 183 183 183 183 183 183 183 182 117  74 156 182
 71  72 127 179 183 183 183 183 183 183 183 179  72  72 101 181
 75 127 182 183 183 183 183 183 183 183 183 182 111  94 155 182
127 178 182 182 182 182 182 182 182 182 182 182 180 176 182 182

168 180 181 181 181 181 181 181 181 181 181 181 181 181 181 181
158 168 181 182 182 182 182 182 182 181 180 182 175 164 175 181
157 157 168 181 182 182 182 182 181 163 163 181 158 158 162 180
157 158 158 167 182 182 182 182 182 176 175 182 168 158 166 181
157 158 158 157 167 181 182 182 182 182 182 182 182 181 181 181
157 158 158 158 158 168 181 182 182 182 182 182 182 182 182 181
157 158 158 158 158 157 168 181 182 182 182 182 182 182 182 181
157 158 158 158 158 158 158 168 181 182 182 182 182 182 182 181
157 158 158 158 158 158 158 157 168 181 182 182 182 182 182 181
157 158 158 158 158 158 158 158 158 168 181 182 182 182 182 181
157 158 158 158 158 158 158 158 158 157 168 181 182 182 182 181
157 158 158 158 158 158 158 158 158 158 158 167 182 182 182 181
157 158 158 158 158 158 158 158 158 158 158 157 167 181 182 181
157 158 158 158 158 158 158 158 158 158 158 158 158 168 181 181
157 158 158 158 158 158 158 158 158 158 158 158 158 157 168 180
157 157 157 157 157 157 157 157 157 157 157 157 157 157 158 168
157 185 187 187 187 187 187 187 187 187 187 187 187 187 187 187
130 158 187 188 188 188 188 188 188 185 185 188 173 144 172 187
128 129 157 186 188 188 188 188 186 143 144 186 130 129 140 184
128 129 131 157 188 188 188 188 187 172 171 187 153 129 149 186
128 129 129 129 157 186 188 188 188 188 188 188 187 186 187 187
128 129 129 129 131 157 187 188 188 188 188 188 188 188 188 187
128 129 129 129 129 129 158 186 188 188 188 188 188 188 188 187
128 129 129 129 129 129 131 158 187 188 188 188 188 188 188 187
128 129 129 129 129 129 129 129 158 186 188 188 188 188 188 187
128 129 129 129 129 129 129 129 131 158 187 188 188 188 188 187
128 129 129 129 129 129 129 129 129 129 157 186 188 188 188 187
128 129 129 129 129 129 129 129 129 129 131 157 188 188 188 187
128 129 129 129 129 129 129 129 129 129 129 129 157 186 188 187
128 129 129 129 129 129 129 129 129 129 129 129 131 157 187 187
128 129 129 129 129 129 129 129 129 129 129 129 129 129 158 185
128 128 128 128 128 128 128 128 128 128 128 128 128 128 130 157
127 178 182 182 182 182 182 182 182 182 182 182 182 181 182 182
 75 127 182 183 183 183 183 183 183 178 177 183 156 101 155 182
 71  72 127 179 183 183 183 183 180  98  99 180  74  72  94 176
 71  72  75 127 183 183 183 183 182 155 153 182 117  72 111 180
 71  72  72  72 127 179 183 183 183 183 183 183 182 179 182 182
 71  72  72  72  75 127 182 183 183 183 183 183 183 183 183 182
 71  72  72  72  72  72 127 179 183 183 183 183 183 183 183 182
 71  72  72  72  72  72  75 127 182 183 183 183 183 183 183 182
 71  72  72  72  72  72  72  72 127 179 183 183 183 183 183 182
 71  72  72  72  72  72  72  72  75 127 182 183 183 183 183 182
 71  72  72  72  72  72  72  72  72  72 127 179 183 183 183 182
 71  72  72  72  72  72  72  72  72  72  75 127 183 183 183 182
 71  72  72  72  72  72  72  72  72  72  72  72 127 179 183 182
 71  72  72  72  72  72  72  72  72  72  72  72  75 127 182 182
 71  72  72  72  72  72  72  72  72  72  72  72  72  72 127 178
 71  71  71  71  71  71  71  71  71  71  71  71  71  71  75 127
